S.no	  α	    γ	  β	   τ	 Crown	Saddle
1.00	12.00	16.00	0.30	0.70	3.55	13.18
						
2.00	12.00	16.00	0.50	0.70	1.90	16.32
						
3.00	12.00	20.00	0.30	0.70	3.37	17.22
						
4.00	12.00	20.00	0.50	0.70	1.62	21.34
						
5.00	12.00	24.00	0.30	0.70	3.07	21.15
						
6.00	12.00	24.00	0.50	0.70	1.40	26.34
						
7.00	12.00	28.00	0.20	0.50	3.28	13.60
						
8.00	12.00	28.00	0.20	0.90	5.94	25.55
						
9.00	12.00	28.00	0.40	0.50	1.29	19.60
						
10.00	12.00	28.00	0.40	0.90	2.03	37.85
						
11.00	12.00	28.00	0.60	0.50	1.14	21.70
						
12.00	12.00	28.00	0.60	0.90	1.19	42.08
						
13.00	12.00	12.00	0.50	0.60	1.94	9.55
						
14.00	12.00	32.00	0.50	0.60	1.18	30.10
						
15.00	12.00	12.00	0.50	0.80	2.52	12.90
						
16.00	12.00	32.00	0.50	0.80	1.15	41.94
						
17.00	12.00	12.00	0.50	1.00	3.05	16.05
						
18.00	12.00	32.00	0.50	1.00	1.04	53.71
						
19.00	12.00	12.00	0.70	1.00	1.69	13.92
						
20.00	12.00	28.00	0.70	1.00	1.08	45.19
						
21.00	12.00	32.00	0.20	0.80	5.22	26.16
						
22.00	12.00	32.00	0.80	0.80	1.07	35.82
